1.517384477117042536e+02
1.909581005573272705e+02
8.208531856209282296e+01
1.909832000732421875e+02
1.889542996883392334e+02
1.965282022953033447e+02
1.578575548554904344e+02
1.434831576501445056e+02
1.806968157640529284e+02
1.430707693754203262e+02
1.933516025543212891e+02
1.592021451519173638e+02
1.941439986228942871e+02
1.432250195895156821e+02
1.955841403085921684e+02
1.559737773450843861e+02
1.895591974258422852e+02
1.620791391658754605e+02
1.794511701681362297e+02
1.814452971364566167e+02
1.880371026283431206e+02
1.933039009571075439e+02
1.970851004123687744e+02
1.931365013122558594e+02
1.738276919190835770e+02
1.861493971445320597e+02
1.890252753812199558e+02
1.881016016006469727e+02
1.911789000034332275e+02
1.964359998703002930e+02
1.420608338648439144e+02
1.406408840130015960e+02
1.370644632870607325e+02
1.803734247545693279e+02
1.471712488400879977e+02
1.445211482844648003e+02
1.772725045680999756e+02
1.959007024765014648e+02
1.739285243627366810e+02
1.967587947845458984e+02
1.800497470618392981e+02
1.974043965339660645e+02
1.852768740217691175e+02
1.866035572013100250e+02
1.960366010665893555e+02
1.898611962795257568e+02
1.884076251910498456e+02
1.715329907709501640e+02
1.760568126883850368e+02
1.699000325378888760e+02
1.961332023143768311e+02
1.973325967788696289e+02
1.933665990829467773e+02
1.944131970405578613e+02
1.931226015090942383e+02
1.102240882934026445e+02
1.719723904561286076e+02
1.566510435728882271e+02
1.953009009361267090e+02
1.955151386997674194e+02
1.967746019363403320e+02
1.961911022663116455e+02
1.763905676209417379e+02
1.406877920062352416e+02
1.952918946743011475e+02
1.354334246434725060e+02
1.922016024589538574e+02
1.949177980422973633e+02
1.939844965934753418e+02
1.450187267965907267e+02
1.793754766190541545e+02
1.847159413034562760e+02
1.637619699534035078e+02
1.178916061106023108e+02
1.430565591250197031e+02
1.043595986616616074e+02
1.927853941917419434e+02
1.935572981834411621e+02
1.147820501377598248e+02
1.361595079065593268e+02
1.549136503664388727e+02
1.484569248845168090e+02
1.215863254274956375e+02
1.334409220825299940e+02
1.144814304826615512e+02
1.956387996673583984e+02
1.925016999244689941e+02
1.955722987651824951e+02
1.928831994533538818e+02
1.296804731584487058e+02
1.950433015823364258e+02
1.958114981651306152e+02
1.160443140512759896e+02
1.922626018524169922e+02
1.949603021144866943e+02
1.955345034599304199e+02
1.950818955898284912e+02
1.951861023902893066e+02
1.947585999965667725e+02
1.885177016258239746e+02
1.957804024219512939e+02
1.934942547033375604e+02
1.953020989894866943e+02
1.951418995857238770e+02
1.946988999843597412e+02
1.952150046825408936e+02
1.953353047370910645e+02
1.963878989219665527e+02
1.952181041240692139e+02
1.943163990974426270e+02
1.929903030395507812e+02
1.948386013507843018e+02
1.953103005886077881e+02
1.951673984527587891e+02
1.948559999465942383e+02
1.927796006202697754e+02
1.107072846243485174e+02
1.362864714703988511e+02
1.247377997499808373e+02
1.072934099344396373e+02
1.893289949110496195e+02
1.974819004535675049e+02
1.437457433860959668e+02
1.749455282459813930e+02
1.194894829933694353e+02
1.467626672054095707e+02
1.472778879229638278e+02
1.345383387586350921e+02
1.615858761678357780e+02
9.530711967284926800e+01
1.867620321731411650e+02
1.793318849665958226e+02
1.615282634611834851e+02
9.736269250014385079e+01
1.086838833767005923e+02
1.264460159398226153e+02
1.960182964801788330e+02
1.756512378651205495e+02
1.474429588727182363e+02
1.025105157288031137e+02
8.066637138921376504e+01
1.472912254151521552e+02
1.511521373984592458e+02
1.093768981143140024e+02
1.694893678869916016e+02
1.508241993010624924e+02
1.436326498962348523e+02
1.980338037014007568e+02
1.083287974605066211e+02
1.673476309145179926e+02
1.515294467153384517e+02
1.974839031696319580e+02
1.122382199027654792e+02
1.727392247528608777e+02
1.959752023220062256e+02
1.478589933518898931e+02
1.024833245049962045e+02
1.397893688317382725e+02
1.620973297533996913e+02
1.072074667396896928e+02
1.587501048246532491e+02
1.011412209851566502e+02
1.392726813793512974e+02
1.470312790484841230e+02
1.045177843315189250e+02
1.380508493568445942e+02
1.295526557428196384e+02
7.376281400899188156e+01
1.968829035758972168e+02
1.956851005554199219e+02
1.213542715000326950e+02
1.974111974239349365e+02
1.971507012844085693e+02
1.864173655089062436e+02
1.359252572543288693e+02
8.473855024504817379e+01
1.760477248726958237e+02
8.141431106893128344e+01
1.967580020427703857e+02
1.095444721493445854e+02
1.934427976608276367e+02
1.002697075371011408e+02
1.839471873525949093e+02
1.359648976441058608e+02
1.135764206598760069e+02
1.624091814592077867e+02
1.830822872904719247e+02
1.281428716768041625e+02
1.504045396663752854e+02
9.388023765264557596e+01
1.506104670854155643e+02
1.493766952616593073e+02
1.254795989079056540e+02
1.800081413346449040e+02
1.710871489971062829e+02
1.254634234818569496e+02
1.558243211480546506e+02
1.209030559623864463e+02
8.567410778302219398e+01
1.969471991062164307e+02
1.971837997436523438e+02
1.436864278192335860e+02
1.906336012884993920e+02
1.790334384545083140e+02
1.728095736786922316e+02
1.970676004886627197e+02
1.720513139105971163e+02
8.924694383945353593e+01
1.239047776252252930e+02
9.654831572099473647e+01
1.970372021198272705e+02
1.186330324051157845e+02
1.755199758998630841e+02
1.013300388452680352e+02
1.973749995231628418e+02
1.186116520939276597e+02
1.055393090731763550e+02
1.942973017692565918e+02
1.971749007701873779e+02
7.724442732046821902e+01
1.957319021224975586e+02
1.965489983558654785e+02
8.801531539836810225e+01
1.973137974739074707e+02
9.058371657526173237e+01
1.957792997360229492e+02
1.106786279117648348e+02
9.990331648792323449e+01
1.971881037866526185e+02
7.397490742682691689e+01
8.190434783179645706e+01
8.389049772471560118e+01
1.974673032760620117e+02
7.341328407077287466e+01
1.918394841711379684e+02
8.151856924163260487e+01
1.973426997661590576e+02
8.358688331725454645e+01
7.138026715477862183e+01
6.868301211416252272e+01
1.948578000068664551e+02
1.139952220957164855e+02
8.042610851329835953e+01
8.082180266690761528e+01
1.972903013229370117e+02
1.463323289766532014e+02
1.828262313308775333e+02
1.971211016178131104e+02
1.978457987308502197e+02
7.953085302710809401e+01
1.307382308330093679e+02
1.943287014961242676e+02
1.972344040870666504e+02
1.277482857508818057e+02
1.971145033836364746e+02
8.413444724820369913e+01
1.031720299408336814e+02
1.970210015773773193e+02
1.297754123956946728e+02
7.687453413728977125e+01
1.955902993679046631e+02
1.498261025313854020e+02
9.447834929298082329e+01
7.312131558760991368e+01
1.964451014995574951e+02
1.970806829560813469e+02
1.249416957082898847e+02
1.705712872905230313e+02
1.118671888145753996e+02
1.976263046264648438e+02
1.413426287849054575e+02
1.051990648146539229e+02
8.436705017605316925e+01
1.949660956859588623e+02
1.954073011875152588e+02
9.834776823786742739e+01
9.709709366953461540e+01
9.245655709037006886e+01
1.292395996488654077e+02
1.975965023040771484e+02
8.670713933358180725e+01
8.333171872897901267e+01
1.674394248173970254e+02
1.933170020580291748e+02
1.613539972246510672e+02
9.005273849402921371e+01
7.353948794258522526e+01
1.953152000904083252e+02
1.362212008059807999e+02
8.643165055155616017e+01
8.603539499584620387e+01
8.086226556891962503e+01
1.975001990795135498e+02
1.095301548762953416e+02
1.724125670683746137e+02
1.965027034282684326e+02
1.973640978336334229e+02
1.161851423958725888e+02
1.961028039455413818e+02
9.176562187876703547e+01
1.938694560719509070e+02
1.666313249140374069e+02
1.913486003875732422e+02
1.956081986427307129e+02
9.947168033152951239e+01
7.336908413117600958e+01
8.859620872022483695e+01
8.943314525948969163e+01
8.679323081123123984e+01
1.375954950219260127e+02
1.194116008391880541e+02
1.027811560636325652e+02
7.853022600645789453e+01
8.635372352534098184e+01
1.969480991363525391e+02
8.712533471390892714e+01
9.443721119043226508e+01
7.627764806640962547e+01
1.943316854031745038e+02
7.307878293582908213e+01
1.144257549984588991e+02
1.963524997234344482e+02
1.035486025826134551e+02
1.719067571832213730e+02
1.955989003181457520e+02
1.956562995910644531e+02
7.246311699096408177e+01
1.773738066591785696e+02
1.951967954635620117e+02
1.080774624849375840e+02
1.852994211997823868e+02
8.430361509406313303e+01
1.188241228707419168e+02
1.922459206807649821e+02
9.855866498047308255e+01
1.906777977943420410e+02
1.113398520899361301e+02
1.977137029170989990e+02
1.602040970111630713e+02
1.223105545981030957e+02
1.134420004369710426e+02
1.978839993476867676e+02
1.337753262130346741e+02
1.322376954757652925e+02
1.952966988086700439e+02
1.150070882241112997e+02
1.884465847343694520e+02
1.096014221944770242e+02
1.003540151288041216e+02
1.562205138536443769e+02
1.983763992786407471e+02
1.384431108272746087e+02
1.981885015964508057e+02
1.984560012817382812e+02
1.973020017147064209e+02
1.256429765984835853e+02
1.983326971530914307e+02
1.936447978019714355e+02
1.981008052825927734e+02
1.961942017078399658e+02
1.981647968292236328e+02
1.981912970542907715e+02
1.981954991817474365e+02
1.982172012329101562e+02
1.981248021125793457e+02
1.665578603912065887e+02
1.481767019974151651e+02
1.977357983589172363e+02
1.980763018131256104e+02
1.447287430618015094e+02
1.979411005973815918e+02
1.421235426343028507e+02
1.517520788270184653e+02
1.978888988494873047e+02
1.232925989990502273e+02
1.042103120097531530e+02
9.670303177019567897e+01
1.975328981876373291e+02
1.982048988342285156e+02
1.975300014019012451e+02
1.682413629087324125e+02
1.982264995574951172e+02
1.979674994945526123e+02
1.275614641228099089e+02
1.728643461181549412e+02
1.962936997413635254e+02
1.979297995567321777e+02
1.965849995613098145e+02
1.971449971199035645e+02
1.255149455659762339e+02
1.334950948690511723e+02
1.106198474592523269e+02
1.286407594477418570e+02
1.095274166848834625e+02
1.979511022567749023e+02
1.323053058737974652e+02
1.317283039619842953e+02
1.256752746289954246e+02
1.002400961581241177e+02
7.355141554801996051e+01
1.980923950672149658e+02
1.248775793791057254e+02
1.138507683934565051e+02
1.395581027311905018e+02
1.711203427348021364e+02
1.176542521060529225e+02
8.198145131764354687e+01
1.715474455551288884e+02
1.710652727654709793e+02
1.973886013031005859e+02
1.282589139418832076e+02
1.989597976207733154e+02
1.366496601246754494e+02
1.634454587024013108e+02
1.423855509801973085e+02
1.545598331649581780e+02
1.487489692928273826e+02
1.347275542820769942e+02
1.980663001537322998e+02
8.797743452493156724e+01
1.986725032329559326e+02
1.983437001705169678e+02
1.975480947150372799e+02
1.865465336393930045e+02
1.808442851991957241e+02
1.614958467832250903e+02
1.960185926583710057e+02
1.523390376883475312e+02
1.309033877840255968e+02
1.541524410273047465e+02
1.985701978206634521e+02
1.073363572504018464e+02
1.963845255445232851e+02
1.731702431624184442e+02
1.782403267526836714e+02
1.718956568981440682e+02
1.555082687090350646e+02
1.989063024520874023e+02
1.988729953765869141e+02
1.988694012165069580e+02
1.968454763909693952e+02
9.075134230772428623e+01
9.319476728190512915e+01
1.415466820730767381e+02
1.215097931990827931e+02
1.390738396514219630e+02
1.602641737486836178e+02
7.979398142482270373e+01
1.453129008437753669e+02
1.473333651204100931e+02
1.314859312817709451e+02
1.229472050531984593e+02
1.349770228597670894e+02
1.515590905819818204e+02
1.277710295290360705e+02
1.330921074169407063e+02
9.185493058912760489e+01
1.083315760917543003e+02
9.737975354610428269e+01
1.028440195129843175e+02
1.198479676567355199e+02
9.785225089711892110e+01
1.806653976440429688e+02
1.795479953289031982e+02
1.021874880425941825e+02
1.798023998737335205e+02
8.742132724707774116e+01
1.797224044799804688e+02
1.082500970370141999e+02
9.730005392792102725e+01
1.033740308018413856e+02
1.078752313685418045e+02
1.329597124237109824e+02
1.776830971240997314e+02
9.344154318089746880e+01
1.042307824215026528e+02
8.430700132040195172e+01
1.796852052211761475e+02
1.815019965171813965e+02
1.187759653463269558e+02
1.914864003658294678e+02
1.871994972229003906e+02
1.316034353582318204e+02
1.919674038887023926e+02
1.905665119952807913e+02
1.332228932299573785e+02
1.885433041953338602e+02
1.902069033619380320e+02
1.075986802210579611e+02
1.900806963443756104e+02
1.902212023735046387e+02
1.804883688974994698e+02
1.922051966190338135e+02
1.894024014472961426e+02
1.894051969051361084e+02
1.882083666106481701e+02
1.894556511631024307e+02
1.895735979080200195e+02
1.841297182234123966e+02
1.812983527113466380e+02
1.910418786446203399e+02
1.901219964027404785e+02
1.878877997398376465e+02
1.892612993717193604e+02
1.897445023059844971e+02
1.896446049213409424e+02
1.907609894130656585e+02
1.018500069647924136e+02
1.930797040462493896e+02
1.016808983965560458e+02
1.922618031501770020e+02
1.922034978866577148e+02
1.897955498994681420e+02
1.939220011234283447e+02
1.975418031215667725e+02
1.985639989376068115e+02
1.987780988216400146e+02
1.989746987819671631e+02
1.966620981693267822e+02
1.990058004856109619e+02
1.986597001552581787e+02
1.980376005172729492e+02
1.466813627776952558e+02
1.815879642384432486e+02
1.965138971805572510e+02
1.079378563431683631e+02
1.904923975467681885e+02
7.427510496955413544e+01
1.957580983638763428e+02
1.352323777875789688e+02
1.592208829095372948e+02
1.678414653769731331e+02
1.970988035202026367e+02
1.349989290229335950e+02
1.155067033556533431e+02
1.550307486989197514e+02
1.973132014274597168e+02
1.652220904532508143e+02
1.697667160592389450e+02
1.976217031478881836e+02
7.234794009767210810e+01
1.977342009544372559e+02
7.591305203275777558e+01
1.959872007369995117e+02
1.935465991497039795e+02
1.931261003017425537e+02
1.935689032077789307e+02
1.924516022205352783e+02
